37007
39071
21043
27007
31179
24037
5063
42123
41067
40017
1043
51165
18141
53027
51520
31013
13063
41071
40137
28047
26081
56033
19011
36101
13157
21213
41047
39025
27057
54091
4017
22095
12053
51187
35005
39101
47009
45071
13295
26115
6075
41041
37001
2170
27105
37113
35055
42101
13131
28151
5115
46135
23015
53063
29031
36099
47187
21047
49045
1081
27119
36049
36089
47059
41011
1061
22067
12115
49049
27093
21015
12117
27131
17143
37025
39061
45041
13217
48053
13039
2150
13111
13087
26103
19099
6099
39041
13289
13211
6069
51690
6089
27047
34001
19083
37071
6095
13215
18077
51083
36111
45009
42035
12087
19167
2220
24011
37141
17153
19095
13021
39035
54107
21109
47149
21193
42071
24013
48441
17055
41009
6109
55075
28081
28113
51071
51590
18099
39053
53029
51125
48365
39087
26163
17091
25025
36043
48323
1101
26035
24027
27059
37023
39141
48375
29077
17105
1049
55073
21103
26107
26059
47113
55023
39007
51041
28145
6023
26053
13051
19065
45061
40027
1087
39111
54063
36023
21185
6011
47125
24043
49011
37133
29107
47003
13127
39119
29161
36015
19139
27123
42093
36097
6007
31109
54001
16037
27077
20055
53069
54059
42109
42129
48021
13095
17161
1097
37115
42065
51097
55087
37183
17181
24017
12055
28091
48465
42005
12107
13115
8093
54097
6003
17109
48409
40101
46011
51087
26121
17111
17077
51173
48043
2185
27037
48143
25027
13245
51640
54033
36029
29053
37145
51540
51820
44005
26007
27019
53061
19149
55035
30035
42103
18089
51810
12089
27151
45051
12121
13219
21113
40109
48025
19059
5145
47167
46029
8071
18169
40153
15009
51093
42041
6097
13221
53047
53021
36071
18053
21117
47037
19169
55051
4005
46065
51710
11001
2068
51047
27025
1117
53059
27067
19123
51073
28095
17163
53067
18059
13259
6013
18091
31033
40047
18019
51011
6077
16057
13153
26031
37175
32003
12009
18109
13261
37083
55059
5091
18043
35033
48469
37077
72000
27031
23007
4011
22081
51147
41019
5089
51185
6115
30031
18163
39167
16061
39165
24005
39149
37067
26065
42087
36095
48199
5031
53005
17095
40065
51191
48459
13015
48219
2188
35029
40031
21195
2063
50015
47183
48377
51065
31131
37169
27163
35017
51035
41031
19187
6065
34011
26009
26013
20045
6027
22029
54093
41037
36017
42089
39003
20005
12023
53031
22103
37093
8019
47075
39045
37037
48097
22051
28035
48231
45021
55031
8107
1073
6079
51101
2195
12113
51680
17195
12127
39129
37127
13097
19087
54047
36077
21205
47065
48259
13189
51015
39107
17083
6035
55081
38015
51115
36057
40151
36001
16069
36061
26075
39019
29165
51121
18151
48355
13031
29175
53007
12057
35051
46033
18003
23017
34041
37051
37021
36085
38101
39027
13151
41035
48303
55007
1069
49037
2105
5107
13077
55055
8125
56037
48127
30041
19113
39099
48241
47163
48055
55063
55093
24039
20009
42025
54003
27023
47063
37095
35013
26061
17199
36033
36119
29159
17157
25007
26029
42061
23023
37011
29007
26159
23031
18093
55009
48183
17121
12005
21155
35043
39171
46005
29111
48361
36037
1071
42131
35041
36031
5009
18061
6055
5143
27169
18117
10001
55097
8015
41003
47073
51199
37155
21235
6015
12019
51031
34009
6071
21067
48049
28087
17027
29001
48309
20091
4001
54065
16031
39097
1129
13113
40115
30111
53073
51009
16045
40123
42015
51775
10005
1095
48029
42111
45063
54027
19033
48249
39133
42051
39135
42075
56029
27099
37135
55105
50023
13181
26089
37189
19071
37015
33019
55095
1127
26127
36009
37065
30081
41029
16013
13023
47031
2050
36123
1051
20097
21177
15003
48227
16017
53015
24015
19111
34005
13009
12073
18027
53075
55049
33011
51790
47029
22097
5033
17179
2016
50007
42085
20175
36069
16055
27109
56021
26041
37149
29510
48329
42031
36067
19017
37081
4009
39091
51800
26155
37105
26087
27055
46027
29027
51059
32001
33007
36113
1113
26139
27017
55129
8014
6081
27003
21157
26003
13047
38017
20111
48477
6037
13067
6025
18063
32005
54061
1053
48037
13055
12001
6017
39009
12017
8077
28071
fips_code
41061
26111
55039
40049
13177
39127
45003
54049
51109
6061
39077
13281
30063
26005
21095
21179
39115
12035
42063
19045
12111
8123
48181
42019
39117
48397
21133
8059
28045
18031
21151
6067
27111
36083
21227
34013
5051
48061
10003
22019
22047
37123
36103
29127
36035
17137
29047
48209
29109
24047
39157
49025
19147
42121
37097
36053
38061
17089
36025
48423
32510
28149
36027
51029
27001
39155
53051
55127
9011
55001
56013
6103
21211
26069
4027
12086
45077
49053
51155
51131
45047
24033
2100
29187
30067
5069
39139
17029
51650
2261
37049
16085
41043
22061
18071
4023
17203
37107
20177
23003
47155
51700
47045
47023
21145
19067
28067
31053
27065
23005
39043
8087
51067
13045
17097
13137
51193
6039
28049
54067
36065
27053
55115
21021
55113
13117
27149
36063
27145
19153
35057
51660
51830
36117
8097
55069
20041
21125
48315
38009
56005
41063
37191
19157
13285
18013
12051
5045
34017
51195
42079
47123
25001
17037
20169
13185
27075
42073
22005
15007
18037
31045
29095
42107
48491
33013
47051
42007
42037
26027
26067
37057
37181
47035
17101
36047
4013
66000
21005
38093
51730
55029
9009
53037
37139
20035
22109
35047
12043
28083
42069
51061
51740
6073
20161
51063
34015
21019
34019
39147
54019
48485
5019
20099
5085
51077
47131
13275
17099
39089
35006
41001
56001
29201
17165
24041
18133
17081
48451
48381
1015
22003
1123
16001
53045
25005
1099
42011
26057
37153
51137
45007
36045
39143
17049
13089
8119
48135
37129
19103
34039
55109
40145
8049
48139
37009
28163
24019
55133
54037
8083
37089
42091
39079
28161
48039
41027
42047
9013
41007
39013
47071
51103
18035
36121
36013
46093
54007
53049
53039
55017
51033
41023
53055
5133
13059
21115
18127
26147
12031
27021
51760
39073
38089
55085
38085
48071
30089
31145
1041
48471
37039
37063
1003
51630
8069
49021
53057
53053
29071
47043
51157
36005
8117
8067
20113
36087
21127
55139
51145
24023
24021
27083
19013
55123
38035
45019
29009
26161
47017
47079
39031
12085
27035
22125
27137
39005
19195
48221
48091
16027
19023
39083
18105
55003
13139
28059
2180
18041
29183
37019
27049
45035
37125
17197
40121
17041
36079
16081
21093
18069
28075
45079
23029
27013
35031
18081
17073
55099
26099
53035
47081
54083
54081
12011
46083
18005
8091
12069
22055
47165
26133
17019
22063
50001
27141
12071
21173
5007
36021
34029
36081
18021
54109
12129
36003
20015
55005
20103
41033
26021
39105
20173
5015
44007
19057
26033
42021
51770
19127
20191
29023
51550
55089
56041
29163
6051
53011
21199
39057
24029
35001
12033
37035
30053
23027
28033
55111
30009
51079
27051
31035
19047
1023
6045
37111
25019
34035
32007
51171
30017
48439
5139
21085
18023
4025
25011
36093
39151
39103
12109
30049
39123
12105
21131
27061
51177
44003
26117
1077
17103
34025
33009
24035
54055
53033
40143
35053
21025
36109
20209
39075
6031
2090
18173
55079
16065
23021
55027
12099
18017
13133
22039
39131
46099
22015
42001
28003
8101
45075
56039
34037
41053
51085
20151
26049
48493
8111
39109
37165
54045
29195
36105
48163
18075
22101
48245
27121
54025
37061
29113
48277
29097
47141
51678
53041
31157
4021
55021
6083
35061
17145
4015
39017
19155
18011
13035
23001
35015
26125
12131
12095
26091
17085
31079
8085
26149
55101
21239
19049
16019
25015
29189
21071
29051
48367
40087
8043
13247
39153
17113
21111
13187
30093
8041
8035
13013
56035
36007
51510
40147
19191
23025
40131
41005
37193
17147
37055
27027
26001
51161
48331
39095
8037
2130
51001
18107
54035
35027
26055
31043
35009
36075
19019
33017
51017
51113
18177
19061
47011
42027
27045
8013
31163
39065
1033
22079
54057
47103
6101
25017
16075
42013
39029
33005
2122
48171
17133
48157
45015
9007
18067
26093
44009
47119
54039
26023
48453
20079
22127
51610
18181
24009
42097
13223
22057
55047
34003
30013
21033
36011
12133
42119
42105
42003
51840
17031
51720
46013
48473
48121
26073
78000
27103
20061
9015
45013
51043
54051
18083
12063
8081
21161
51197
5059
12075
13231
42033
17053
48215
51143
13305
17067
21073
27139
26017
40013
8045
55033
31127
45073
40119
1055
27041
20051
39085
2070
48203
42117
6057
37167
55135
29091
22099
19041
39081
51025
37101
48401
17043
42133
40011
4003
42029
47107
1125
24510
17001
28073
41015
12103
5131
19163
21059
17039
22113
13175
26085
54011
17183
37173
6047
41045
16053
13145
6029
28011
23009
55103
1103
29029
39021
24031
34031
18157
37147
21167
33001
25021
34023
26105
49057
23019
19137
25009
16005
21221
8029
48339
33015
36039
22025
42039
31141
6107
2110
49035
9005
28105
42083
39159
48239
45023
50027
50019
42099
48073
24001
19021
29157
48041
37013
22073
38105
18095
12101
26083
45045
37159
39173
45091
45031
16083
48187
51600
37099
51013
51057
19053
1109
21049
55071
42055
1039
40001
36059
9001
46127
39059
51127
47001
50017
17007
42127
34033
55117
12039
6053
23013
47157
39113
26045
40125
39161
26079
40127
27171
49017
25023
53071
33003
50021
17167
18039
54005
1121
49039
51735
30047
20057
26037
45043
42043
29021
8005
38069
13121
15001
37199
39023
6033
55131
31019
21037
29213
51179
47093
35045
55043
27095
39169
25013
12021
42017
26165
37031
48251
36091
51153
19039
22017
29115
48085
23011
8003
19179
22033
46107
20155
54029
37119
12097
6105
48113
8109
49005
8001
37151
8079
27005
36107
13073
49019
48099
26137
24045
21101
45085
48027
51167
48141
13103
41065
22119
55013
31001
1007
6063
21009
32023
8051
5053
40037
6085
51019
54079
29101
2020
48185
17045
28089
6043
55125
21107
39145
17017
27147
29019
26051
13135
22053
41017
12081
17115
29099
39033
26043
13057
18085
17119
40021
47189
17141
8113
18167
40041
26145
18137
13313
48325
41057
19097
13233
44001
48479
12083
34027
17201
21081
19015
12091
29043
30029
6113
13109
13155
28133
46103
53009
12015
36055
42067
37171
20125
36115
17177
51683
6009
13049
13207
17063
18113
48265
48349
31153
19181
35035
39093
17093
34007
8031
47105
18129
41051
21089
4019
48005
30087
49043
45083
41013
6087
5005
35028
56015
42045
54069
41025
6019
37157
26123
8075
19101
37017
46081
50011
41039
34021
27129
42081
51003
21035
26101
55025
6041
6001
27015
25003
21209
42095
20037
48389
26109
12061
37179
39063
5119
39051
21121
53025
39047
6059
1089
1045
48167
50003
50025
48347
21017
22071
40071
42077
4007
24003
37085
48299
47019
51107
6093
6111
53077
24025
55061
42049
47053
35049
13199
18033
6021
37087
40019
51750
26047
17021
48001
48273
39037
18097
36051
26077
19193
47055
30003
48489
29147
26015
37195
9003
47179
50005
13071
1047
5071
56025
26063
36019
39049
32031
5125
42009
39055
29039
1083
48499
18057
26025
37059
41059
48201
31119
55141
6005
31055
00nan
42125
38003
54077
